Secondary Structure Prediction Output by cSVM (Part of BalancedSSP)
TARGET: example, Length: 318

SR#  AA  cSVM  pBeta  pCoil  pHelix
1    M   C     0.311  0.423  0.266
2    P   C     0.309  0.423  0.268
3    K   C     0.317  0.411  0.272
4    R   C     0.310  0.414  0.277
5    G   C     0.306  0.407  0.287
6    K   C     0.312  0.396  0.292
7    K   C     0.315  0.397  0.288
8    G   C     0.320  0.404  0.276
9    A   C     0.324  0.416  0.260
10   V   C     0.323  0.422  0.255
11   A   C     0.308  0.431  0.261
12   E   C     0.308  0.427  0.265
13   D   C     0.313  0.417  0.271
14   G   C     0.313  0.409  0.278
15   D   C     0.318  0.404  0.278
16   E   C     0.329  0.407  0.264
17   L   C     0.316  0.421  0.263
18   R   C     0.324  0.419  0.257
19   T   C     0.323  0.418  0.258
20   E   C     0.315  0.421  0.264
21   P   C     0.313  0.418  0.269
22   E   C     0.321  0.413  0.266
23   A   C     0.317  0.419  0.264
24   K   C     0.329  0.415  0.255
25   K   C     0.318  0.424  0.258
26   S   C     0.316  0.423  0.260
27   K   C     0.323  0.412  0.266
28   T   C     0.324  0.395  0.281
29   A   C     0.323  0.379  0.298
30   A   C     0.319  0.365  0.316
31   K   C     0.315  0.369  0.316
32   K   C     0.308  0.369  0.323
33   N   C     0.307  0.370  0.323
34   D   C     0.309  0.355  0.336
35   K   C     0.312  0.344  0.343
36   E   H     0.330  0.331  0.339
37   A   C     0.321  0.340  0.339
38   A   C     0.320  0.351  0.329
39   G   C     0.317  0.370  0.313
40   E   C     0.313  0.387  0.300
41   G   C     0.313  0.393  0.294
42   P   C     0.324  0.383  0.293
43   A   C     0.347  0.365  0.289
44   L   C     0.358  0.358  0.284
45   Y   C     0.343  0.378  0.278
46   E   C     0.327  0.403  0.269
47   D   C     0.315  0.423  0.262
48   P   C     0.307  0.431  0.262
49   P   C     0.309  0.423  0.268
50   D   C     0.321  0.405  0.274
51   Q   C     0.329  0.384  0.287
52   K   C     0.345  0.366  0.289
53   T   C     0.351  0.359  0.290
54   S   C     0.330  0.364  0.306
55   P   C     0.321  0.352  0.327
56   S   C     0.313  0.362  0.325
57   G   C     0.320  0.373  0.307
58   K   C     0.316  0.383  0.301
59   P   C     0.332  0.367  0.301
60   A   E     0.355  0.351  0.294
61   T   E     0.361  0.352  0.287
62   L   E     0.379  0.338  0.283
63   K   E     0.385  0.338  0.278
64   I   E     0.438  0.304  0.258
65   C   E     0.426  0.320  0.254
66   S   E     0.380  0.357  0.263
67   W   E     0.375  0.365  0.260
68   N   C     0.348  0.390  0.262
69   V   C     0.346  0.380  0.274
70   D   C     0.322  0.408  0.270
71   G   C     0.322  0.405  0.272
72   L   C     0.342  0.393  0.265
73   R   C     0.372  0.372  0.256
74   A   C     0.367  0.373  0.260
75   W   C     0.357  0.383  0.260
76   I   C     0.350  0.392  0.258
77   K   C     0.360  0.390  0.250
78   K   C     0.332  0.410  0.258
79   K   C     0.322  0.421  0.257
80   G   C     0.329  0.414  0.257
81   L   C     0.348  0.392  0.260
82   D   C     0.343  0.391  0.266
83   W   C     0.351  0.382  0.267
84   V   C     0.351  0.377  0.272
85   K   C     0.351  0.375  0.274
86   E   C     0.325  0.386  0.289
87   E   C     0.321  0.393  0.286
88   A   C     0.315  0.406  0.279
89   P   C     0.317  0.398  0.285
90   D   C     0.330  0.385  0.286
91   I   E     0.392  0.322  0.286
92   L   E     0.370  0.322  0.308
93   C   E     0.396  0.310  0.294
94   L   E     0.365  0.309  0.327
95   Q   E     0.361  0.293  0.346
96   E   H     0.320  0.299  0.381
97   T   H     0.319  0.303  0.378
98   K   H     0.321  0.321  0.358
99   C   H     0.316  0.337  0.347
100  S   C     0.311  0.345  0.344
101  E   C     0.312  0.346  0.342
102  N   C     0.313  0.367  0.319
103  K   C     0.331  0.370  0.299
104  L   C     0.331  0.386  0.283
105  P   C     0.333  0.394  0.273
106  A   C     0.345  0.374  0.281
107  E   C     0.351  0.374  0.276
108  L   C     0.342  0.362  0.296
109  Q   C     0.337  0.365  0.298
110  E   C     0.329  0.371  0.300
111  L   C     0.331  0.374  0.295
112  P   C     0.324  0.377  0.299
113  G   C     0.319  0.379  0.301
114  L   C     0.335  0.373  0.292
115  S   C     0.344  0.360  0.296
116  H   E     0.358  0.342  0.300
117  Q   E     0.371  0.328  0.301
118  Y   E     0.356  0.336  0.308
119  W   E     0.355  0.353  0.291
120  S   C     0.336  0.380  0.283
121  A   C     0.328  0.385  0.288
122  P   C     0.324  0.384  0.292
123  S   C     0.324  0.367  0.309
124  D   C     0.333  0.360  0.307
125  K   C     0.324  0.371  0.305
126  E   C     0.321  0.387  0.292
127  G   C     0.327  0.398  0.275
128  Y   C     0.344  0.393  0.263
129  S   C     0.349  0.388  0.262
130  G   C     0.347  0.385  0.268
131  V   C     0.353  0.370  0.277
132  G   E     0.369  0.358  0.273
133  L   E     0.375  0.348  0.277
134  L   E     0.367  0.361  0.272
135  S   C     0.350  0.389  0.261
136  R   C     0.348  0.393  0.259
137  Q   C     0.353  0.392  0.255
138  C   C     0.333  0.411  0.256
139  P   C     0.321  0.418  0.261
140  L   C     0.343  0.400  0.256
141  K   C     0.366  0.385  0.249
142  V   C     0.360  0.385  0.255
143  S   C     0.358  0.387  0.255
144  Y   C     0.340  0.403  0.258
145  G   C     0.333  0.411  0.257
146  I   C     0.330  0.410  0.260
147  G   C     0.320  0.417  0.263
148  D   C     0.330  0.387  0.283
149  E   C     0.335  0.366  0.299
150  E   C     0.348  0.351  0.302
151  H   C     0.345  0.353  0.303
152  D   C     0.337  0.372  0.291
153  Q   C     0.325  0.378  0.297
154  E   C     0.319  0.398  0.283
155  G   C     0.323  0.407  0.270
156  R   C     0.342  0.391  0.267
157  V   E     0.426  0.329  0.245
158  I   E     0.447  0.310  0.242
159  V   E     0.454  0.300  0.245
160  A   E     0.425  0.316  0.259
161  E   E     0.368  0.359  0.272
162  F   C     0.335  0.389  0.276
163  D   C     0.331  0.401  0.268
164  S   C     0.329  0.400  0.271
165  F   C     0.363  0.372  0.264
166  V   E     0.402  0.342  0.256
167  L   E     0.432  0.313  0.255
168  V   E     0.442  0.299  0.259
169  T   E     0.447  0.295  0.259
170  A   E     0.432  0.303  0.266
171  Y   E     0.402  0.316  0.282
172  V   C     0.336  0.354  0.309
173  P   C     0.337  0.361  0.302
174  N   C     0.324  0.368  0.308
175  A   C     0.318  0.373  0.309
176  G   C     0.318  0.365  0.316
177  R   C     0.330  0.365  0.305
178  G   C     0.335  0.356  0.309
179  L   H     0.319  0.338  0.343
180  V   C     0.326  0.340  0.334
181  R   C     0.333  0.335  0.332
182  L   E     0.357  0.330  0.313
183  E   E     0.345  0.344  0.311
184  Y   E     0.343  0.331  0.326
185  R   E     0.347  0.320  0.333
186  Q   E     0.346  0.341  0.314
187  R   C     0.334  0.368  0.298
188  W   C     0.321  0.379  0.300
189  D   C     0.321  0.372  0.307
190  E   H     0.300  0.349  0.351
191  A   H     0.299  0.341  0.359
192  F   H     0.294  0.317  0.389
193  R   H     0.293  0.293  0.414
194  K   H     0.297  0.296  0.407
195  F   H     0.302  0.293  0.405
196  L   H     0.295  0.298  0.407
197  K   H     0.299  0.314  0.386
198  G   H     0.310  0.329  0.361
199  L   H     0.309  0.336  0.355
200  A   C     0.321  0.352  0.327
201  S   C     0.320  0.361  0.319
202  R   C     0.321  0.382  0.296
203  K   C     0.320  0.401  0.279
204  P   C     0.322  0.392  0.285
205  L   E     0.369  0.350  0.280
206  V   E     0.420  0.306  0.273
207  L   E     0.420  0.302  0.278
208  C   E     0.399  0.325  0.276
209  G   C     0.346  0.352  0.302
210  D   C     0.329  0.359  0.312
211  L   H     0.322  0.334  0.343
212  N   C     0.317  0.353  0.330
213  V   H     0.313  0.338  0.349
214  A   H     0.311  0.336  0.353
215  H   H     0.307  0.324  0.370
216  E   H     0.317  0.325  0.358
217  E   H     0.315  0.323  0.362
218  I   H     0.321  0.338  0.341
219  D   C     0.321  0.352  0.326
220  L   C     0.314  0.356  0.330
221  R   C     0.328  0.355  0.317
222  N   C     0.318  0.374  0.308
223  P   C     0.310  0.367  0.323
224  K   C     0.310  0.358  0.332
225  G   C     0.321  0.357  0.322
226  N   C     0.312  0.382  0.306
227  K   C     0.317  0.387  0.296
228  K   C     0.320  0.394  0.286
229  N   C     0.319  0.404  0.277
230  A   C     0.320  0.404  0.276
231  G   C     0.335  0.396  0.270
232  F   C     0.339  0.389  0.273
233  T   C     0.325  0.398  0.277
234  P   C     0.316  0.374  0.310
235  Q   C     0.320  0.358  0.322
236  E   C     0.322  0.362  0.316
237  R   C     0.316  0.364  0.320
238  Q   C     0.314  0.379  0.307
239  G   C     0.319  0.383  0.298
240  F   C     0.315  0.360  0.324
241  G   C     0.316  0.352  0.332
242  E   E     0.340  0.340  0.320
243  L   E     0.342  0.328  0.330
244  L   C     0.334  0.351  0.315
245  Q   C     0.339  0.363  0.297
246  A   C     0.328  0.371  0.300
247  V   C     0.321  0.391  0.288
248  P   C     0.327  0.386  0.287
249  L   C     0.334  0.365  0.300
250  A   E     0.340  0.339  0.321
251  D   C     0.329  0.354  0.317
252  S   C     0.331  0.350  0.319
253  F   C     0.335  0.340  0.325
254  R   C     0.325  0.364  0.311
255  H   C     0.330  0.375  0.295
256  L   C     0.317  0.397  0.287
257  Y   C     0.313  0.412  0.275
258  P   C     0.322  0.399  0.279
259  N   C     0.325  0.396  0.279
260  T   C     0.328  0.375  0.297
261  P   C     0.334  0.363  0.303
262  Y   C     0.345  0.354  0.300
263  A   E     0.363  0.332  0.305
264  Y   E     0.398  0.322  0.280
265  T   E     0.388  0.336  0.277
266  F   E     0.385  0.345  0.271
267  W   E     0.372  0.356  0.272
268  T   C     0.352  0.376  0.272
269  Y   C     0.341  0.385  0.273
270  M   C     0.330  0.396  0.274
271  M   C     0.325  0.406  0.269
272  N   C     0.320  0.416  0.265
273  A   C     0.322  0.414  0.264
274  R   C     0.342  0.404  0.254
275  S   C     0.319  0.421  0.260
276  K   C     0.317  0.428  0.256
277  N   C     0.314  0.431  0.255
278  V   C     0.318  0.424  0.258
279  G   C     0.319  0.416  0.265
280  W   C     0.343  0.382  0.275
281  R   E     0.362  0.353  0.285
282  L   E     0.394  0.314  0.292
283  D   E     0.413  0.313  0.274
284  Y   E     0.416  0.302  0.282
285  F   E     0.411  0.308  0.281
286  L   E     0.385  0.341  0.274
287  L   C     0.350  0.379  0.272
288  S   C     0.316  0.419  0.266
289  H   C     0.314  0.429  0.257
290  S   C     0.310  0.436  0.254
291  L   C     0.306  0.440  0.254
292  L   C     0.303  0.442  0.255
293  P   C     0.301  0.443  0.256
294  A   C     0.308  0.437  0.255
295  L   C     0.307  0.435  0.259
296  C   C     0.308  0.432  0.260
297  D   C     0.309  0.431  0.260
298  S   C     0.308  0.430  0.262
299  K   C     0.315  0.424  0.261
300  I   C     0.319  0.421  0.260
301  R   C     0.314  0.427  0.259
302  S   C     0.316  0.424  0.260
303  K   C     0.322  0.420  0.258
304  A   C     0.319  0.422  0.260
305  L   C     0.309  0.431  0.260
306  G   C     0.302  0.437  0.261
307  S   C     0.301  0.439  0.260
308  D   C     0.299  0.442  0.259
309  H   C     0.302  0.440  0.258
310  C   C     0.310  0.436  0.254
311  P   C     0.318  0.430  0.251
312  I   C     0.339  0.412  0.250
313  T   C     0.352  0.401  0.247
314  L   C     0.360  0.395  0.244
315  Y   C     0.348  0.403  0.248
316  L   C     0.338  0.408  0.254
317  A   C     0.329  0.412  0.259
318  L   C     0.321  0.410  0.269
