Secondary Structure Prediction Output (Part of REGAd3p ASA Prediction)
TARGET: example, Length: 318

SR#  AA  SSp  pCoil          pBeta          pHelix
1    M   C    0.964277       0.0283814      0.00734154
2    P   C    0.954828       0.027751       0.0174206
3    K   C    0.890252       0.0389435      0.0708044
4    R   C    0.756818       0.0751752      0.168007
5    G   C    0.794605       0.0667007      0.138695
6    K   C    0.700429       0.101757       0.197814
7    K   C    0.633789       0.159588       0.206622
8    G   C    0.612967       0.162154       0.224879
9    A   C    0.624136       0.146629       0.229235
10   V   C    0.561333       0.219436       0.219231
11   A   C    0.572498       0.15611        0.271392
12   E   C    0.659323       0.105993       0.234684
13   D   C    0.796435       0.0339106      0.169654
14   G   C    0.756457       0.0206832      0.222859
15   D   C    0.66341        0.0293802      0.307209
16   E   C    0.600365       0.0629618      0.336673
17   L   C    0.604104       0.0518265      0.34407
18   R   C    0.575707       0.0643545      0.359939
19   T   C    0.600862       0.0733007      0.325837
20   E   C    0.669957       0.0462472      0.283795
21   P   C    0.562786       0.0234455      0.413768
22   E   H    0.477854       0.0271241      0.495022
23   A   C    0.548267       0.0213803      0.430353
24   K   C    0.541206       0.0211532      0.437641
25   K   H    0.385917       0.0253813      0.588701
26   S   H    0.441517       0.034942       0.523541
27   K   H    0.377834       0.0461293      0.576036
28   T   H    0.324283       0.0511192      0.624598
29   A   H    0.335662       0.0439354      0.620402
30   A   H    0.406292       0.0577148      0.535993
31   K   C    0.601891       0.0497405      0.348368
32   K   C    0.612309       0.04421        0.343481
33   N   C    0.614359       0.0269368      0.358704
34   D   H    0.420122       0.0220165      0.557861
35   K   H    0.30294        0.0406131      0.656447
36   E   H    0.324149       0.0580743      0.617777
37   A   C    0.518751       0.0657817      0.415467
38   A   C    0.778984       0.0647093      0.156307
39   G   C    0.888475       0.0318323      0.0796925
40   E   C    0.93313        0.0265497      0.0403201
41   G   C    0.919357       0.0428813      0.0377616
42   P   C    0.795468       0.0806843      0.123848
43   A   C    0.545267       0.304555       0.150178
44   L   C    0.416756       0.395796       0.187448
45   Y   C    0.492339       0.362352       0.14531
46   E   C    0.77932        0.155187       0.0654936
47   D   C    0.958049       0.0271846      0.0147668
48   P   C    0.970538       0.00711331     0.0223489
49   P   C    0.894363       0.00692087     0.098716
50   D   C    0.766514       0.0133478      0.220138
51   Q   C    0.626562       0.0469572      0.326481
52   K   C    0.633685       0.121926       0.24439
53   T   C    0.720292       0.133932       0.145776
54   S   C    0.854209       0.061673       0.0841183
55   P   C    0.883294       0.0210502      0.0956563
56   S   C    0.935248       0.010932       0.0538199
57   G   C    0.928822       0.0127582      0.0584195
58   K   C    0.886083       0.0389951      0.0749219
59   P   C    0.730542       0.103619       0.165838
60   A   C    0.590979       0.203025       0.205995
61   T   E    0.379196       0.502125       0.118679
62   L   E    0.154778       0.761486       0.0837354
63   K   E    0.0714129      0.901319       0.0272679
64   I   E    0.0420585      0.927052       0.0308897
65   C   E    0.11815        0.843519       0.0383313
66   S   E    0.259994       0.684814       0.0551924
67   W   E    0.377893       0.546474       0.0756326
68   N   C    0.65131        0.270936       0.0777539
69   V   C    0.603481       0.124883       0.271636
70   D   C    0.742856       0.0519029      0.205241
71   G   C    0.471618       0.071547       0.456835
72   L   H    0.230037       0.133384       0.636579
73   R   H    0.0835594      0.454473       0.461968
74   A   H    0.0656965      0.440427       0.493876
75   W   H    0.0902809      0.394905       0.514814
76   I   H    0.195008       0.255874       0.549118
77   K   C    0.508811       0.117491       0.373697
78   K   C    0.666456       0.0677615      0.265783
79   K   C    0.900142       0.0445617      0.0552963
80   G   C    0.827756       0.080497       0.091747
81   L   C    0.541387       0.251013       0.2076
82   D   E    0.307806       0.419676       0.272518
83   W   E    0.217914       0.416939       0.365147
84   V   H    0.190186       0.34615        0.463664
85   K   H    0.229726       0.27506        0.495214
86   E   H    0.253623       0.147693       0.598684
87   E   C    0.553759       0.100608       0.345632
88   A   C    0.805152       0.0347555      0.160092
89   P   C    0.58356        0.0246864      0.391753
90   D   H    0.407453       0.101994       0.490553
91   I   H    0.122067       0.191612       0.686321
92   L   E    0.0966378      0.62463        0.278732
93   C   E    0.0771034      0.741074       0.181822
94   L   H    0.106198       0.408741       0.485061
95   Q   H    0.158302       0.240249       0.601449
96   E   H    0.199485       0.110657       0.689858
97   T   H    0.379634       0.0640734      0.556293
98   K   H    0.310276       0.0560981      0.633625
99   C   C    0.492051       0.051081       0.456868
100  S   C    0.553975       0.02594        0.420085
101  E   H    0.3421         0.0141949      0.643705
102  N   C    0.514544       0.0169806      0.468475
103  K   C    0.525864       0.0494859      0.42465
104  L   C    0.49546        0.169118       0.335423
105  P   H    0.426473       0.0903207      0.483206
106  A   H    0.213588       0.0811285      0.705284
107  E   H    0.259054       0.0702084      0.670738
108  L   H    0.184043       0.0584056      0.757552
109  Q   H    0.360341       0.0689338      0.570725
110  E   C    0.578303       0.0687718      0.352925
111  L   C    0.802206       0.0394046      0.158389
112  P   C    0.861009       0.0199704      0.11902
113  G   C    0.868812       0.0266004      0.104588
114  L   C    0.855894       0.0472045      0.0969019
115  S   C    0.661843       0.14397        0.194187
116  H   C    0.447878       0.182192       0.36993
117  Q   E    0.348019       0.38568        0.266302
118  Y   E    0.217928       0.604428       0.177644
119  W   E    0.379981       0.475357       0.144661
120  S   C    0.570142       0.340819       0.0890385
121  A   C    0.665019       0.222202       0.112779
122  P   C    0.656161       0.133676       0.210163
123  S   C    0.608789       0.114269       0.276942
124  D   C    0.596301       0.0789347      0.324765
125  K   C    0.668579       0.0766871      0.254733
126  E   C    0.755937       0.0923534      0.151709
127  G   C    0.865463       0.0658579      0.0686796
128  Y   C    0.847825       0.0994492      0.0527255
129  S   C    0.772491       0.178887       0.0486221
130  G   C    0.658865       0.236567       0.104568
131  V   E    0.400261       0.4065         0.193239
132  G   E    0.21623        0.581333       0.202437
133  L   E    0.106654       0.678838       0.214508
134  L   E    0.149481       0.655238       0.195281
135  S   E    0.365318       0.409575       0.225107
136  R   C    0.476023       0.216608       0.307369
137  Q   C    0.591905       0.174459       0.233636
138  C   C    0.832987       0.0976619      0.0693513
139  P   C    0.779989       0.103904       0.116107
140  L   C    0.664579       0.221818       0.113603
141  K   E    0.425125       0.495579       0.0792958
142  V   E    0.364866       0.577387       0.0577465
143  S   E    0.269318       0.699519       0.0311638
144  Y   E    0.457427       0.522281       0.0202919
145  G   C    0.530867       0.457169       0.0119639
146  I   C    0.65304        0.332092       0.0148683
147  G   C    0.673735       0.310824       0.0154412
148  D   C    0.628974       0.272163       0.0988639
149  E   C    0.565354       0.206389       0.228258
150  E   C    0.589953       0.0725292      0.337518
151  H   C    0.724082       0.0550415      0.220877
152  D   C    0.845642       0.0161788      0.138179
153  Q   C    0.75392        0.0172233      0.228857
154  E   C    0.847959       0.0255859      0.126455
155  G   C    0.837347       0.0692392      0.0934141
156  R   C    0.506602       0.401559       0.0918385
157  V   E    0.0564002      0.90695        0.0366495
158  I   E    0.0324506      0.925876       0.0416734
159  V   E    0.0387391      0.862062       0.0991993
160  A   E    0.115538       0.606444       0.278018
161  E   E    0.274109       0.395331       0.330559
162  F   C    0.515965       0.140846       0.343188
163  D   C    0.70965        0.0414074      0.248942
164  S   C    0.667235       0.0706869      0.262078
165  F   C    0.390084       0.308015       0.301902
166  V   E    0.158435       0.770933       0.070632
167  L   E    0.0429894      0.932027       0.0249835
168  V   E    0.0682231      0.907841       0.023936
169  T   E    0.106074       0.865176       0.0287501
170  A   E    0.208781       0.75403        0.0371891
171  Y   E    0.310333       0.666714       0.0229528
172  V   C    0.655635       0.30468        0.0396848
173  P   C    0.872505       0.0396186      0.0878766
174  N   C    0.87733        0.0142074      0.108463
175  A   C    0.813856       0.00767805     0.178466
176  G   C    0.711111       0.0117079      0.277181
177  R   C    0.701779       0.0152782      0.282942
178  G   C    0.483512       0.0338646      0.482623
179  L   H    0.279147       0.110725       0.610128
180  V   H    0.298078       0.297768       0.404154
181  R   H    0.225446       0.315623       0.458931
182  L   H    0.262282       0.247036       0.490682
183  E   H    0.367608       0.106049       0.526343
184  Y   H    0.248584       0.0791936      0.672222
185  R   H    0.200519       0.0895298      0.709951
186  Q   H    0.148891       0.0984416      0.752667
187  R   H    0.214057       0.0847193      0.701224
188  W   H    0.271204       0.0418646      0.686931
189  D   H    0.127921       0.00869672     0.863382
190  E   H    0.0466465      0.00241937     0.950934
191  A   H    0.05393        0.00303816     0.943032
192  F   H    0.031496       0.00508691     0.963417
193  R   H    0.0220999      0.00719448     0.970706
194  K   H    0.0345568      0.0154075      0.950036
195  F   H    0.0363471      0.022924       0.940729
196  L   H    0.0387845      0.0235896      0.937626
197  K   H    0.117443       0.0284627      0.854094
198  G   H    0.221847       0.0240975      0.754055
199  L   H    0.328102       0.0189798      0.652918
200  A   C    0.68649        0.0139999      0.29951
201  S   C    0.71943        0.0156626      0.264907
202  R   C    0.903497       0.0291816      0.0673216
203  K   C    0.905148       0.0695375      0.0253147
204  P   C    0.783826       0.159809       0.0563645
205  L   E    0.257743       0.663029       0.079228
206  V   E    0.0749335      0.887158       0.0379083
207  L   E    0.0712087      0.902894       0.0258978
208  C   E    0.256006       0.708228       0.0357667
209  G   C    0.621677       0.327863       0.0504599
210  D   C    0.785077       0.100779       0.114144
211  L   C    0.59379        0.139811       0.266399
212  N   C    0.650927       0.112277       0.236796
213  V   H    0.356713       0.12874        0.514547
214  A   H    0.322786       0.116351       0.560863
215  H   H    0.288851       0.0840775      0.627072
216  E   H    0.311558       0.111929       0.576513
217  E   H    0.218819       0.109125       0.672055
218  I   H    0.277476       0.177665       0.544858
219  D   H    0.390235       0.186807       0.422958
220  L   C    0.488319       0.0749139      0.436767
221  R   C    0.695954       0.115561       0.188485
222  N   C    0.91806        0.034905       0.0470351
223  P   C    0.905762       0.0111768      0.0830609
224  K   C    0.897788       0.0150162      0.0871957
225  G   C    0.882357       0.0207308      0.0969126
226  N   C    0.935024       0.0121745      0.0528017
227  K   C    0.872232       0.0578354      0.0699323
228  K   C    0.870104       0.0897216      0.0401745
229  N   C    0.933056       0.0424219      0.0245223
230  A   C    0.902704       0.0660159      0.0312805
231  G   C    0.862119       0.122109       0.015772
232  F   C    0.748136       0.224867       0.026997
233  T   C    0.808855       0.151314       0.0398313
234  P   H    0.385894       0.0797537      0.534353
235  Q   H    0.191793       0.021179       0.787028
236  E   H    0.119697       0.0115253      0.868777
237  R   H    0.120983       0.00993596     0.869081
238  Q   H    0.314779       0.0144644      0.670756
239  G   C    0.503878       0.0312852      0.464837
240  F   H    0.421346       0.0536546      0.524999
241  G   H    0.358875       0.0720697      0.569055
242  E   H    0.139982       0.146441       0.713577
243  L   H    0.08561        0.197733       0.716657
244  L   H    0.213952       0.146989       0.63906
245  Q   C    0.445257       0.119942       0.4348
246  A   C    0.608186       0.0808421      0.310972
247  V   C    0.809334       0.0700737      0.120593
248  P   C    0.796265       0.0787865      0.124949
249  L   C    0.591058       0.210534       0.198408
250  A   C    0.41383        0.408919       0.177251
251  D   C    0.50976        0.2596         0.23064
252  S   C    0.437557       0.310698       0.251745
253  F   E    0.262037       0.463106       0.274857
254  R   E    0.257864       0.543442       0.198695
255  H   E    0.334026       0.543194       0.12278
256  L   C    0.468742       0.462301       0.0689572
257  Y   C    0.786312       0.191052       0.0226354
258  P   C    0.864408       0.05267        0.0829223
259  N   C    0.913043       0.0231149      0.0638423
260  T   C    0.752113       0.0399801      0.207907
261  P   C    0.705612       0.052971       0.241417
262  Y   C    0.618482       0.145208       0.23631
263  A   E    0.309056       0.353746       0.337198
264  Y   E    0.211229       0.611504       0.177266
265  T   E    0.146843       0.674598       0.178559
266  F   E    0.123706       0.568895       0.307399
267  W   E    0.111401       0.496735       0.391864
268  T   H    0.131078       0.328251       0.540671
269  Y   H    0.132541       0.216086       0.651373
270  M   H    0.144828       0.189613       0.665558
271  M   H    0.216912       0.0875078      0.69558
272  N   H    0.442959       0.0471308      0.50991
273  A   H    0.442984       0.0340299      0.522986
274  R   C    0.522762       0.0397017      0.437536
275  S   C    0.512338       0.0595836      0.428078
276  K   C    0.787922       0.0348454      0.177232
277  N   C    0.888742       0.0259106      0.0853476
278  V   C    0.823495       0.0602047      0.1163
279  G   C    0.640759       0.248875       0.110365
280  W   E    0.426394       0.490175       0.083431
281  R   E    0.186816       0.720889       0.0922944
282  L   E    0.174512       0.645772       0.179716
283  D   E    0.260947       0.493091       0.245963
284  Y   E    0.0782546      0.461469       0.460276
285  F   H    0.0495188      0.407713       0.542768
286  L   H    0.0801389      0.351636       0.568225
287  L   H    0.19786        0.190541       0.611599
288  S   H    0.33283        0.0530981      0.614072
289  H   H    0.334286       0.0222128      0.643501
290  S   H    0.420272       0.0254171      0.554311
291  L   H    0.451228       0.0276019      0.52117
292  L   C    0.519332       0.0236779      0.45699
293  P   H    0.39736        0.0191659      0.583474
294  A   H    0.319871       0.0339264      0.646203
295  L   H    0.271818       0.0580484      0.670134
296  C   H    0.356858       0.1244         0.518742
297  D   H    0.360341       0.100345       0.539314
298  S   C    0.455446       0.1071         0.437454
299  K   C    0.38247        0.313021       0.304509
300  I   E    0.341048       0.413424       0.245528
301  R   E    0.395911       0.410923       0.193166
302  S   C    0.440253       0.360701       0.199046
303  K   C    0.409817       0.401222       0.188961
304  A   C    0.444131       0.393341       0.162528
305  L   C    0.666227       0.28755        0.046223
306  G   C    0.887731       0.0946929      0.0175763
307  S   C    0.934284       0.0484623      0.017254
308  D   C    0.938047       0.0430382      0.0189149
309  H   C    0.849157       0.120067       0.0307753
310  C   C    0.822383       0.163302       0.0143145
311  P   C    0.625794       0.249485       0.124721
312  I   H    0.236188       0.372798       0.391014
313  T   H    0.0932966      0.368375       0.538328
314  L   H    0.0815515      0.334046       0.584403
315  Y   H    0.0785189      0.395756       0.525725
316  L   H    0.152625       0.294621       0.552754
317  A   C    0.512396       0.157951       0.329653
318  L   C    0.715457       0.0468966      0.237646
END
